Largest Component Fraction
[0.6474358974358975, 0.6465201465201466, 0.49725274725274726, 0.49633699633699635, 0.49542124542124544, 0.4945054945054945, 0.30494505494505497, 0.1858974358974359, 0.15567765567765568, 0.15567765567765568, 0.14377289377289376, 0.11172161172161173, 0.08608058608058608, 0.07875457875457875, 0.07875457875457875, 0.07875457875457875, 0.07875457875457875, 0.07875457875457875, 0.06868131868131869, 0.0641025641025641, 0.04945054945054945, 0.048534798534798536, 0.048534798534798536, 0.048534798534798536, 0.048534798534798536, 0.048534798534798536, 0.047619047619047616, 0.047619047619047616, 0.046703296703296704, 0.045787545787545784, 0.045787545787545784, 0.045787545787545784, 0.04487179487179487, 0.029304029304029304, 0.029304029304029304, 0.029304029304029304, 0.029304029304029304, 0.029304029304029304, 0.028388278388278388, 0.027472527472527472, 0.027472527472527472, 0.026556776556776556, 0.026556776556776556, 0.026556776556776556, 0.026556776556776556, 0.026556776556776556, 0.026556776556776556, 0.02564102564102564, 0.02564102564102564, 0.02564102564102564, 0.024725274725274724, 0.021062271062271064, 0.021062271062271064, 0.021062271062271064, 0.021062271062271064, 0.020146520146520148, 0.020146520146520148, 0.020146520146520148, 0.020146520146520148, 0.020146520146520148, 0.020146520146520148, 0.020146520146520148, 0.020146520146520148, 0.020146520146520148, 0.020146520146520148, 0.020146520146520148, 0.020146520146520148, 0.020146520146520148, 0.020146520146520148, 0.020146520146520148, 0.020146520146520148, 0.019230769230769232, 0.015567765567765568, 0.014652014652014652, 0.014652014652014652, 0.014652014652014652, 0.014652014652014652, 0.014652014652014652, 0.014652014652014652, 0.014652014652014652, 0.013736263736263736, 0.013736263736263736, 0.013736263736263736, 0.013736263736263736, 0.013736263736263736, 0.01282051282051282, 0.01282051282051282, 0.01282051282051282, 0.01282051282051282, 0.01282051282051282, 0.01282051282051282, 0.01282051282051282, 0.01282051282051282, 0.01282051282051282, 0.01282051282051282, 0.01282051282051282, 0.01282051282051282, 0.01282051282051282, 0.01282051282051282, 0.01098901098901099, 0.01098901098901099, 0.01098901098901099, 0.01098901098901099, 0.01098901098901099, 0.01098901098901099, 0.010073260073260074, 0.010073260073260074, 0.010073260073260074, 0.010073260073260074, 0.010073260073260074, 0.010073260073260074, 0.010073260073260074, 0.010073260073260074, 0.010073260073260074, 0.010073260073260074, 0.010073260073260074, 0.010073260073260074, 0.010073260073260074, 0.010073260073260074, 0.010073260073260074, 0.010073260073260074, 0.010073260073260074, 0.010073260073260074, 0.010073260073260074, 0.010073260073260074, 0.010073260073260074, 0.010073260073260074, 0.010073260073260074, 0.010073260073260074, 0.010073260073260074, 0.010073260073260074, 0.010073260073260074, 0.010073260073260074, 0.010073260073260074, 0.009157509157509158]

Number of Deletion
[0, 1, 2, 3, 4, 5, 6, 7, 8, 9, 10, 11, 12, 13, 14, 15, 16, 17, 18, 19, 20, 21, 22, 23, 24, 25, 26, 27, 28, 29, 30, 31, 32, 33, 34, 35, 36, 37, 38, 39, 40, 41, 42, 43, 44, 45, 46, 47, 48, 49, 50, 51, 52, 53, 54, 55, 56, 57, 58, 59, 60, 61, 62, 63, 64, 65, 66, 67, 68, 69, 70, 71, 72, 73, 74, 75, 76, 77, 78, 79, 80, 81, 82, 83, 84, 85, 86, 87, 88, 89, 90, 91, 92, 93, 94, 95, 96, 97, 98, 99, 100, 101, 102, 103, 104, 105, 106, 107, 108, 109, 110, 111, 112, 113, 114, 115, 116, 117, 118, 119, 120, 121, 122, 123, 124, 125, 126, 127, 128, 129, 130, 131, 132, 133, 134]

Deleted Nodes
[216439974, 712707184, 726762081, 615112623, 216475664, 729524223, 216427641, 216432533, 216462589, 729523798, 661589862, 726774707, 216487768, 216471439, 726770812, 721793906, 216368351, 721634926, 216430153, 726767890, 726769785, 216451169, 5288322376, 5288322350, 216434379, 700331164, 216493871, 216431260, 726776862, 615112671, 726781750, 726774125, 712707139, 726775812, 734839655, 216427664, 1529258166, 216464362, 216485388, 1247769516, 726765813, 216494383, 857444986, 216441567, 726779625, 216453322, 700331225, 729488887, 700331507, 712707557, 721635465, 1444098620, 5288308389, 267885350, 9206246918, 216390071, 651838511, 216515272, 734844277, 216430525, 726767583, 216471893, 216464031, 4225970960, 726760642, 5879243694, 726767853, 713844814, 721834885, 216442670, 733302435, 726768277, 721634004, 216439010, 734273516, 216474016, 726780884, 721834973, 282597300, 712707082, 726772750, 274621814, 726767908, 4225970749, 721635400, 216432520, 726760559, 726767871, 726778258, 216463939, 700331199, 216368355, 726777195, 216428693, 726760245, 216437539, 726778758, 734843940, 726770593, 5288322227, 721784449, 726782425, 692130502, 1409131236, 3793408140, 726760581, 726775131, 726779639, 216514007, 216463990, 216492513, 5879243693, 734272912, 726781712, 216469810, 726762091, 687847677, 734839071, 5880234344, 692566527, 4225970982, 721642883, 726763091, 6463091815, 733309076, 734835075, 734272686, 726740711, 216439507, 726760646, 726775016, 726769910, 712707604, 726760583]

Reinserted Nodes
[712707604, 5879243693, 216475664, 726769910, 726740711, 734272686, 733309076, 6463091815, 726781712, 734272912, 216492513, 726779639, 726775131, 726760581, 216451169, 4225970982, 216469810, 216463990, 721635465, 729523798, 726760646, 726763091, 721642883, 692566527, 5880234344, 734839071, 687847677, 726762091, 216368351, 726775016, 216439507, 734835075]

Largest Component Size
10