Number of nodes in the initial graph: 142
Number of edges in the initial graph: 48141

Largest Component Fraction
[0.2676056338028169, 0.2605633802816901, 0.2535211267605634, 0.24647887323943662, 0.2323943661971831, 0.2323943661971831, 0.2112676056338028, 0.2112676056338028, 0.2112676056338028, 0.19718309859154928, 0.19718309859154928, 0.19718309859154928, 0.19718309859154928, 0.19718309859154928, 0.19718309859154928, 0.19718309859154928, 0.19718309859154928, 0.19718309859154928, 0.19718309859154928, 0.19718309859154928, 0.19718309859154928, 0.19014084507042253, 0.19014084507042253, 0.19014084507042253, 0.19014084507042253, 0.19014084507042253, 0.18309859154929578, 0.18309859154929578, 0.16901408450704225, 0.16901408450704225, 0.1619718309859155, 0.1619718309859155, 0.1619718309859155, 0.15492957746478872, 0.15492957746478872, 0.15492957746478872, 0.15492957746478872, 0.15492957746478872, 0.15492957746478872, 0.15492957746478872, 0.14788732394366197, 0.14788732394366197, 0.14788732394366197, 0.14788732394366197, 0.13380281690140844, 0.11971830985915492, 0.11267605633802817, 0.11267605633802817, 0.11267605633802817, 0.11267605633802817, 0.1056338028169014, 0.1056338028169014, 0.09154929577464789, 0.09154929577464789, 0.07042253521126761, 0.07042253521126761, 0.07042253521126761, 0.07042253521126761, 0.06338028169014084, 0.06338028169014084, 0.04929577464788732, 0.04929577464788732, 0.04929577464788732, 0.04929577464788732, 0.04929577464788732, 0.035211267605633804, 0.035211267605633804, 0.028169014084507043, 0.028169014084507043, 0.028169014084507043, 0.028169014084507043, 0.028169014084507043, 0.028169014084507043, 0.028169014084507043, 0.028169014084507043, 0.028169014084507043, 0.028169014084507043, 0.028169014084507043, 0.028169014084507043, 0.028169014084507043, 0.028169014084507043, 0.028169014084507043, 0.028169014084507043, 0.028169014084507043, 0.028169014084507043, 0.028169014084507043, 0.028169014084507043, 0.028169014084507043, 0.028169014084507043, 0.028169014084507043, 0.028169014084507043, 0.028169014084507043, 0.028169014084507043, 0.02112676056338028, 0.014084507042253521, 0.014084507042253521, 0.014084507042253521, 0.014084507042253521, 0.014084507042253521, 0.014084507042253521, 0.014084507042253521, 0.014084507042253521, 0.014084507042253521, 0.014084507042253521, 0.014084507042253521, 0.014084507042253521, 0.014084507042253521, 0.014084507042253521, 0.014084507042253521, 0.014084507042253521, 0.014084507042253521, 0.014084507042253521, 0.014084507042253521, 0.014084507042253521, 0.014084507042253521, 0.014084507042253521, 0.014084507042253521, 0.014084507042253521, 0.014084507042253521, 0.014084507042253521, 0.007042253521126761]

Efficiency
[0.13601704791396146, 0.13454913880445787, 0.13295649194929768, 0.1310864351996663, 0.12831905215275566, 0.12727207671389695, 0.12320261437908445, 0.1220563847429514, 0.12117981520966543, 0.11858244095086136, 0.11753026447682847, 0.11641221374045709, 0.11521566289008055, 0.11441174095607133, 0.11355807086614096, 0.11272549264675163, 0.11179894179894093, 0.10891397849462298, 0.10780444094763476, 0.10699497978586293, 0.10535383642686132, 0.10411845730027507, 0.10200513538748798, 0.10152637326116865, 0.09978511758172758, 0.09880391001080642, 0.09688405797101449, 0.09596491228070175, 0.0914583656782075, 0.09069479561736232, 0.08933665808665844, 0.08858585858585895, 0.08623575201556903, 0.08494450107600011, 0.08103438329295064, 0.08018280138717487, 0.07736747529200388, 0.07619963369963396, 0.07531428927060019, 0.07269179516466795, 0.07096680256260939, 0.06768316831683177, 0.0657508417508418, 0.06443001443001442, 0.0612279963531803, 0.05816151202749128, 0.0563711361737676, 0.055442862475337105, 0.05368227821899734, 0.051401411429461766, 0.04680112847814702, 0.04539915111343674, 0.04066999583853515, 0.03946629213483145, 0.03639846743295021, 0.033952597344738523, 0.032927496580027395, 0.031470588235294146, 0.02853796136928669, 0.026540307571750424, 0.02473652514302921, 0.024120370370370372, 0.02185654008438818, 0.020631829492588984, 0.018825618825618826, 0.016917293233082706, 0.015672514619883043, 0.014054054054054054, 0.01295816364309515, 0.011796042617960426, 0.01134585289514867, 0.010865191146881288, 0.010766045548654244, 0.011082693947144074, 0.009438103599648815, 0.008593396653098146, 0.008391608391608392, 0.008653846153846154, 0.008928571428571428, 0.008704557091653867, 0.008989952406134321, 0.008469945355191256, 0.008757062146892656, 0.009059029807130333, 0.008771929824561403, 0.009085213032581453, 0.009415584415584415, 0.009764309764309764, 0.009433962264150943, 0.009796806966618287, 0.010180995475113122, 0.010588235294117647, 0.011020408163265306, 0.00977891156462585, 0.008865248226950355, 0.008325624421831638, 0.008695652173913044, 0.00909090909090909, 0.009513742071881607, 0.009966777408637873, 0.009291521486643438, 0.00853658536585366, 0.007692307692307693, 0.006747638326585695, 0.007112375533428165, 0.0075075075075075074, 0.007936507936507936, 0.0067226890756302525, 0.0053475935828877, 0.005681818181818182, 0.006048387096774193, 0.0064516129032258064, 0.006896551724137931, 0.0049261083743842365, 0.005291005291005291, 0.002849002849002849, 0.003076923076923077, 0.0033333333333333335, 0.0036231884057971015, 0.003952569169960474, 0.0]

Average Clustering Coefficient
[0.715967469633243, 0.7126365355482174, 0.6953560221163242, 0.690530687013748, 0.6874256440079567, 0.6852379112885385, 0.682423538712758, 0.6726055466784742, 0.6627325551318206, 0.6606091093689734, 0.6500927316030751, 0.6463854383772613, 0.6346715602145464, 0.6310085111726695, 0.6279158571208202, 0.6094966725930133, 0.5983111024777693, 0.5953756021756023, 0.5848964655416269, 0.572273593615057, 0.5686829563878744, 0.5653581496556702, 0.56021571021571, 0.5553853709315892, 0.544059283466063, 0.5394772369131342, 0.5123439300163437, 0.4965175886915016, 0.49953633111527834, 0.4831136906358144, 0.46884003892932447, 0.46295971295971283, 0.45614193886921156, 0.44387452506718555, 0.43352239324461544, 0.4233867378727191, 0.4208200604427019, 0.4069016697588126, 0.3915674603174603, 0.39097703806441675, 0.36682228446934334, 0.36918120383466907, 0.36276190476190473, 0.33328523328523324, 0.3336734693877551, 0.3443298969072165, 0.3385416666666667, 0.3285714285714287, 0.30673758865248235, 0.29103942652329756, 0.3003623188405798, 0.2974358974358975, 0.2966666666666668, 0.2906367041198502, 0.2984848484848485, 0.296551724137931, 0.27286821705426356, 0.23725490196078428, 0.21428571428571427, 0.1927710843373494, 0.20325203252032517, 0.1810699588477366, 0.15625, 0.1518987341772152, 0.15384615384615385, 0.1601731601731602, 0.14035087719298248, 0.14222222222222225, 0.11261261261261261, 0.0821917808219178, 0.041666666666666664, 0.0, 0.0, 0.0, 0.0, 0.0, 0.0, 0.0, 0.0, 0.0, 0.0, 0.0, 0.0, 0.0, 0.0, 0.0, 0.0, 0.0, 0.0, 0.0, 0.0, 0.0, 0.0, 0.0, 0.0, 0.0, 0.0, 0.0, 0.0, 0.0, 0.0, 0.0, 0.0, 0.0, 0.0, 0.0, 0.0, 0.0, 0.0, 0.0, 0.0, 0.0, 0.0, 0.0, 0.0, 0.0, 0.0, 0.0, 0.0, 0.0, 0.0]

Transitivity
[0.7351805587099705, 0.73331709693132, 0.7312809809548656, 0.728503849364623, 0.7258828171236931, 0.7208100411349014, 0.7203086557817043, 0.7146437522377372, 0.7087514289343325, 0.7075471698113207, 0.7004176868788708, 0.6973543355253097, 0.6906862745098039, 0.6797900262467191, 0.676954352245426, 0.6704009433962265, 0.6630320821975257, 0.6556025840944532, 0.6541990119971771, 0.6435045317220544, 0.6359484148307362, 0.6372660238230289, 0.6278857837181046, 0.6206225680933852, 0.6094240837696335, 0.6009002250562641, 0.6059288537549408, 0.5946061643835616, 0.605565371024735, 0.6005719733079123, 0.5959752321981424, 0.5711835334476844, 0.5645962732919255, 0.5578093306288032, 0.5662824207492796, 0.5337124289195776, 0.5305039787798409, 0.5127701375245579, 0.47651006711409394, 0.47619047619047616, 0.47516778523489933, 0.48625180897250364, 0.4713584288052373, 0.4550561797752809, 0.4610655737704918, 0.47770700636942676, 0.4896551724137931, 0.4765625, 0.4662756598240469, 0.47770700636942676, 0.493006993006993, 0.4900398406374502, 0.5022026431718062, 0.46875, 0.49714285714285716, 0.5, 0.4701492537313433, 0.46153846153846156, 0.46601941747572817, 0.4666666666666667, 0.5060240963855421, 0.43478260869565216, 0.45, 0.375, 0.42857142857142855, 0.4411764705882353, 0.42857142857142855, 0.5, 0.47368421052631576, 0.42857142857142855, 0.2727272727272727, 0, 0, 0, 0, 0, 0, 0, 0, 0, 0, 0, 0, 0, 0, 0, 0, 0, 0, 0, 0, 0, 0, 0, 0, 0, 0, 0, 0, 0, 0, 0, 0, 0, 0, 0, 0, 0, 0, 0, 0, 0, 0, 0, 0, 0, 0, 0, 0, 0, 0]

Number of Deletion
[0, 1, 2, 3, 4, 5, 6, 7, 8, 9, 10, 11, 12, 13, 14, 15, 16, 17, 18, 19, 20, 21, 22, 23, 24, 25, 26, 27, 28, 29, 30, 31, 32, 33, 34, 35, 36, 37, 38, 39, 40, 41, 42, 43, 44, 45, 46, 47, 48, 49, 50, 51, 52, 53, 54, 55, 56, 57, 58, 59, 60, 61, 62, 63, 64, 65, 66, 67, 68, 69, 70, 71, 72, 73, 74, 75, 76, 77, 78, 79, 80, 81, 82, 83, 84, 85, 86, 87, 88, 89, 90, 91, 92, 93, 94, 95, 96, 97, 98, 99, 100, 101, 102, 103, 104, 105, 106, 107, 108, 109, 110, 111, 112, 113, 114, 115, 116, 117, 118, 119, 120]

Efficiency After Reinsert
[0.0]

Avg CC After Reinsert
[0.0]

Transitivity After Reinsert
[0]

Largest component size: 1